1614945730762	0.017	GET	200
1614945730794	0.003	GET	200
1614945730819	0.003	POST	201
1614945735861	0.707	GET	200
1614945738324	1.068	GET	200
1614945767219	2.174	POST	201
1614945775528	0.002	GET	200
1614945791196	0.472	GET	200
1614945794325	0.902	GET	200
1614945800878	1.589	POST	201
1614945801186	1.573	POST	201
1614945801192	1.601	POST	201
1614945801189	1.644	POST	201
1614945801183	1.795	POST	201
1614945803006	1.58	POST	201
1614945803010	1.626	POST	201
1614945803008	1.648	POST	201
1614945803004	1.656	POST	201
1614945802998	1.789	POST	201
1614945804812	1.261	POST	500
1614945804814	1.272	POST	500
1614945804806	1.32	POST	500
1614945804816	1.359	POST	500
1614945804809	1.381	POST	500
1614945806210	1.117	POST	500
1614945806218	1.154	POST	500
1614945806215	1.18	POST	500
1614945806221	1.177	POST	500
1614945806217	1.184	POST	500
1614945807414	1.203	POST	500
1614945807419	1.222	POST	500
1614945807417	1.25	POST	500
1614945807421	1.264	POST	500
1614945807422	1.287	POST	500
1614945907320	0.004	GET	200
1614945981109	0.006	GET	200
1614945981121	0.001	GET	200
1614945981136	0.002	POST	201
1614945986360	0.003	GET	200
1614946019905	0.775	GET	200
1614946027647	1.144	GET	200
1614946031745	1.892	POST	201
1614946086067	0.801	GET	200
1614946097082	0.666	GET	200
1614946103195	0.712	GET	200
1614946110113	0.681	GET	200
1614946115789	0.76	GET	200
1614946141396	0.719	GET	200
1614946152855	0.462	GET	200
1614946156221	1.023	GET	200
1614946164490	2.065	POST	201
1614946164493	2.075	POST	201
1614946164477	2.1	POST	201
1614946164485	2.098	POST	201
1614946164504	2.203	POST	201
1614946166747	1.901	POST	201
1614946166737	1.912	POST	201
1614946166742	1.966	POST	201
1614946166754	1.979	POST	201
1614946166750	1.997	POST	201
1614946168769	2.083	POST	201
1614946168775	2.134	POST	201
1614946168782	2.169	POST	201
1614946168778	2.21	POST	201
1614946168781	2.278	POST	201
1614946171086	2.015	POST	201
1614946171100	2.002	POST	201
1614946171102	2.069	POST	201
1614946171095	2.081	POST	201
1614946171097	2.089	POST	201
1614946173218	1.826	POST	201
1614946173217	1.95	POST	201
1614946173211	2.027	POST	201
1614946173222	2.049	POST	201
1614946173221	2.104	POST	201
1614946292002	0.624	GET	200
1614946302162	0.745	GET	200
1614946313609	7.304	GET	200
1614946328854	0.001	GET	200
1614962119250	0.309	GET	200
1614962119589	0.002	GET	200
1614962119614	0.028	POST	201
1614962277227	0.946	GET	200
1614962290587	1.186	GET	200
1614962333223	2.547	POST	201
1614962357334	3.578	POST	201
1614962357624	3.495	POST	201
1614962357626	3.511	POST	201
1614962357629	3.721	POST	201
1614962357627	4.092	POST	201
1614962361736	2.71	POST	201
1614962361741	2.705	POST	201
1614962361730	2.878	POST	201
1614962361733	3.082	POST	201
1614962361739	3.238	POST	201
1614962365013	2.657	POST	201
1614962365017	2.714	POST	201
1614962365022	2.897	POST	201
1614962365051	3.02	POST	201
1614962365020	3.099	POST	201
1614962368128	2.908	POST	201
1614962368137	2.944	POST	201
1614962368140	3.015	POST	201
1614962368142	3.239	POST	201
1614962368133	3.393	POST	201
1614962371556	2.734	POST	201
1614962371547	2.82	POST	201
1614962371552	2.856	POST	201
1614962371559	2.934	POST	201
1614962371553	2.959	POST	201
1614962402589	0.024	GET	200
1614969834014	0.009	GET	200
1614969834034	0.002	GET	200
1614969834055	0.002	POST	201
1614969851466	0.451	GET	200
1614969859248	0.466	GET	200
1614969872077	0.699	GET	200
1614969875754	1.123	GET	200
1614969900327	2.647	POST	201
1614969900324	2.66	POST	201
1614969900335	2.74	POST	201
1614969900332	2.875	POST	201
1614969900317	3.098	POST	201
1614969903439	2.392	POST	201
1614969903433	2.448	POST	201
1614969903445	2.485	POST	201
1614969903453	2.511	POST	201
1614969903449	2.659	POST	201
1614969906137	2.958	POST	201
1614969906140	3.266	POST	201
1614969906143	3.264	POST	201
1614969906145	3.263	POST	201
1614969906147	3.262	POST	201
1614969909426	2.441	POST	201
1614969909421	2.498	POST	201
1614969909428	2.503	POST	201
1614969909429	2.686	POST	201
1614969909424	3.768	POST	201
1614969913223	2.096	POST	201
1614969913230	2.188	POST	201
1614969913232	2.262	POST	201
1614969913226	2.709	POST	201
1614969913228	2.708	POST	201
1614969918368	0.004	GET	200
